{
    "0": {
        "extrinsic": [
            [
                1.0,
                0.0,
                0.0,
                0.0
            ],
            [
                0.0,
                1.0,
                0.0,
                0.0
            ],
            [
                0.0,
                0.0,
                1.0,
                0.0
            ],
            [
                0.0,
                0.0,
                0.0,
                1.0
            ]
        ],
        "K": [
            [
                969.6969696969696,
                0.0,
                960.0
            ],
            [
                0.0,
                969.6969696969696,
                540.0
            ],
            [
                0.0,
                0.0,
                1.0
            ]
        ]
    },
    "1": {
        "extrinsic": [
            [
                1.0,
                0.0,
                0.0,
                0.0
            ],
            [
                0.0,
                1.0,
                0.0,
                0.0
            ],
            [
                0.0,
                0.0,
                1.0,
                0.08
            ],
            [
                0.0,
                0.0,
                0.0,
                1.0
            ]
        ],
        "K": [
            [
                969.6969696969696,
                0.0,
                960.0
            ],
            [
                0.0,
                969.6969696969696,
                540.0
            ],
            [
                0.0,
                0.0,
                1.0
            ]
        ]
    },
    "2": {
        "extrinsic": [
            [
                1.0,
                0.0,
                0.0,
                0.0
            ],
            [
                0.0,
                1.0,
                0.0,
                0.0
            ],
            [
                0.0,
                0.0,
                1.0,
                0.16
            ],
            [
                0.0,
                0.0,
                0.0,
                1.0
            ]
        ],
        "K": [
            [
                969.6969696969696,
                0.0,
                960.0
            ],
            [
                0.0,
                969.6969696969696,
                540.0
            ],
            [
                0.0,
                0.0,
                1.0
            ]
        ]
    },
    "3": {
        "extrinsic": [
            [
                1.0,
                0.0,
                0.0,
                0.0
            ],
            [
                0.0,
                1.0,
                0.0,
                0.0
            ],
            [
                0.0,
                0.0,
                1.0,
                0.24
            ],
            [
                0.0,
                0.0,
                0.0,
                1.0
            ]
        ],
        "K": [
            [
                969.6969696969696,
                0.0,
                960.0
            ],
            [
                0.0,
                969.6969696969696,
                540.0
            ],
            [
                0.0,
                0.0,
                1.0
            ]
        ]
    },
    "4": {
        "extrinsic": [
            [
                1.0,
                0.0,
                0.0,
                0.0
            ],
            [
                0.0,
                1.0,
                0.0,
                0.0
            ],
            [
                0.0,
                0.0,
                1.0,
                0.32
            ],
            [
                0.0,
                0.0,
                0.0,
                1.0
            ]
        ],
        "K": [
            [
                969.6969696969696,
                0.0,
                960.0
            ],
            [
                0.0,
                969.6969696969696,
                540.0
            ],
            [
                0.0,
                0.0,
                1.0
            ]
        ]
    },
    "5": {
        "extrinsic": [
            [
                1.0,
                0.0,
                0.0,
                0.0
            ],
            [
                0.0,
                1.0,
                0.0,
                0.0
            ],
            [
                0.0,
                0.0,
                1.0,
                0.4
            ],
            [
                0.0,
                0.0,
                0.0,
                1.0
            ]
        ],
        "K": [
            [
                969.6969696969696,
                0.0,
                960.0
            ],
            [
                0.0,
                969.6969696969696,
                540.0
            ],
            [
                0.0,
                0.0,
                1.0
            ]
        ]
    },
    "6": {
        "extrinsic": [
            [
                1.0,
                0.0,
                0.0,
                0.0
            ],
            [
                0.0,
                1.0,
                0.0,
                0.0
            ],
            [
                0.0,
                0.0,
                1.0,
                0.48000000000000004
            ],
            [
                0.0,
                0.0,
                0.0,
                1.0
            ]
        ],
        "K": [
            [
                969.6969696969696,
                0.0,
                960.0
            ],
            [
                0.0,
                969.6969696969696,
                540.0
            ],
            [
                0.0,
                0.0,
                1.0
            ]
        ]
    },
    "7": {
        "extrinsic": [
            [
                1.0,
                0.0,
                0.0,
                0.0
            ],
            [
                0.0,
                1.0,
                0.0,
                0.0
            ],
            [
                0.0,
                0.0,
                1.0,
                0.56
            ],
            [
                0.0,
                0.0,
                0.0,
                1.0
            ]
        ],
        "K": [
            [
                969.6969696969696,
                0.0,
                960.0
            ],
            [
                0.0,
                969.6969696969696,
                540.0
            ],
            [
                0.0,
                0.0,
                1.0
            ]
        ]
    },
    "8": {
        "extrinsic": [
            [
                1.0,
                0.0,
                0.0,
                0.0
            ],
            [
                0.0,
                1.0,
                0.0,
                0.0
            ],
            [
                0.0,
                0.0,
                1.0,
                0.64
            ],
            [
                0.0,
                0.0,
                0.0,
                1.0
            ]
        ],
        "K": [
            [
                969.6969696969696,
                0.0,
                960.0
            ],
            [
                0.0,
                969.6969696969696,
                540.0
            ],
            [
                0.0,
                0.0,
                1.0
            ]
        ]
    },
    "9": {
        "extrinsic": [
            [
                1.0,
                0.0,
                0.0,
                0.0
            ],
            [
                0.0,
                1.0,
                0.0,
                0.0
            ],
            [
                0.0,
                0.0,
                1.0,
                0.72
            ],
            [
                0.0,
                0.0,
                0.0,
                1.0
            ]
        ],
        "K": [
            [
                969.6969696969696,
                0.0,
                960.0
            ],
            [
                0.0,
                969.6969696969696,
                540.0
            ],
            [
                0.0,
                0.0,
                1.0
            ]
        ]
    },
    "10": {
        "extrinsic": [
            [
                1.0,
                0.0,
                0.0,
                0.0
            ],
            [
                0.0,
                1.0,
                0.0,
                0.0
            ],
            [
                0.0,
                0.0,
                1.0,
                0.7999999999999999
            ],
            [
                0.0,
                0.0,
                0.0,
                1.0
            ]
        ],
        "K": [
            [
                969.6969696969696,
                0.0,
                960.0
            ],
            [
                0.0,
                969.6969696969696,
                540.0
            ],
            [
                0.0,
                0.0,
                1.0
            ]
        ]
    },
    "11": {
        "extrinsic": [
            [
                1.0,
                0.0,
                0.0,
                0.0
            ],
            [
                0.0,
                1.0,
                0.0,
                0.0
            ],
            [
                0.0,
                0.0,
                1.0,
                0.8799999999999999
            ],
            [
                0.0,
                0.0,
                0.0,
                1.0
            ]
        ],
        "K": [
            [
                969.6969696969696,
                0.0,
                960.0
            ],
            [
                0.0,
                969.6969696969696,
                540.0
            ],
            [
                0.0,
                0.0,
                1.0
            ]
        ]
    },
    "12": {
        "extrinsic": [
            [
                1.0,
                0.0,
                0.0,
                0.0
            ],
            [
                0.0,
                1.0,
                0.0,
                0.0
            ],
            [
                0.0,
                0.0,
                1.0,
                0.9599999999999999
            ],
            [
                0.0,
                0.0,
                0.0,
                1.0
            ]
        ],
        "K": [
            [
                969.6969696969696,
                0.0,
                960.0
            ],
            [
                0.0,
                969.6969696969696,
                540.0
            ],
            [
                0.0,
                0.0,
                1.0
            ]
        ]
    },
    "13": {
        "extrinsic": [
            [
                1.0,
                0.0,
                0.0,
                0.0
            ],
            [
                0.0,
                1.0,
                0.0,
                0.0
            ],
            [
                0.0,
                0.0,
                1.0,
                1.0399999999999998
            ],
            [
                0.0,
                0.0,
                0.0,
                1.0
            ]
        ],
        "K": [
            [
                969.6969696969696,
                0.0,
                960.0
            ],
            [
                0.0,
                969.6969696969696,
                540.0
            ],
            [
                0.0,
                0.0,
                1.0
            ]
        ]
    },
    "14": {
        "extrinsic": [
            [
                1.0,
                0.0,
                0.0,
                0.0
            ],
            [
                0.0,
                1.0,
                0.0,
                0.0
            ],
            [
                0.0,
                0.0,
                1.0,
                1.1199999999999999
            ],
            [
                0.0,
                0.0,
                0.0,
                1.0
            ]
        ],
        "K": [
            [
                969.6969696969696,
                0.0,
                960.0
            ],
            [
                0.0,
                969.6969696969696,
                540.0
            ],
            [
                0.0,
                0.0,
                1.0
            ]
        ]
    },
    "15": {
        "extrinsic": [
            [
                1.0,
                0.0,
                0.0,
                0.0
            ],
            [
                0.0,
                1.0,
                0.0,
                0.0
            ],
            [
                0.0,
                0.0,
                1.0,
                1.2
            ],
            [
                0.0,
                0.0,
                0.0,
                1.0
            ]
        ],
        "K": [
            [
                969.6969696969696,
                0.0,
                960.0
            ],
            [
                0.0,
                969.6969696969696,
                540.0
            ],
            [
                0.0,
                0.0,
                1.0
            ]
        ]
    },
    "16": {
        "extrinsic": [
            [
                1.0,
                0.0,
                0.0,
                0.0
            ],
            [
                0.0,
                1.0,
                0.0,
                0.0
            ],
            [
                0.0,
                0.0,
                1.0,
                1.28
            ],
            [
                0.0,
                0.0,
                0.0,
                1.0
            ]
        ],
        "K": [
            [
                969.6969696969696,
                0.0,
                960.0
            ],
            [
                0.0,
                969.6969696969696,
                540.0
            ],
            [
                0.0,
                0.0,
                1.0
            ]
        ]
    },
    "17": {
        "extrinsic": [
            [
                0.9986295347545738,
                0.0,
                0.052335956242943835,
                0.0
            ],
            [
                0.0,
                1.0,
                0.0,
                0.0
            ],
            [
                -0.052335956242943835,
                0.0,
                0.9986295347545738,
                1.28
            ],
            [
                0.0,
                0.0,
                0.0,
                1.0
            ]
        ],
        "K": [
            [
                969.6969696969696,
                0.0,
                960.0
            ],
            [
                0.0,
                969.6969696969696,
                540.0
            ],
            [
                0.0,
                0.0,
                1.0
            ]
        ]
    },
    "18": {
        "extrinsic": [
            [
                0.9945218953682732,
                0.0,
                0.10452846326765347,
                0.0
            ],
            [
                0.0,
                1.0,
                0.0,
                0.0
            ],
            [
                -0.10452846326765347,
                0.0,
                0.9945218953682733,
                1.28
            ],
            [
                0.0,
                0.0,
                0.0,
                1.0
            ]
        ],
        "K": [
            [
                969.6969696969696,
                0.0,
                960.0
            ],
            [
                0.0,
                969.6969696969696,
                540.0
            ],
            [
                0.0,
                0.0,
                1.0
            ]
        ]
    },
    "19": {
        "extrinsic": [
            [
                0.9876883405951375,
                0.0,
                0.15643446504023087,
                0.0
            ],
            [
                0.0,
                1.0,
                0.0,
                0.0
            ],
            [
                -0.15643446504023087,
                0.0,
                0.9876883405951377,
                1.28
            ],
            [
                0.0,
                0.0,
                0.0,
                1.0
            ]
        ],
        "K": [
            [
                969.6969696969696,
                0.0,
                960.0
            ],
            [
                0.0,
                969.6969696969696,
                540.0
            ],
            [
                0.0,
                0.0,
                1.0
            ]
        ]
    },
    "20": {
        "extrinsic": [
            [
                0.9781476007338055,
                0.0,
                0.20791169081775931,
                0.0
            ],
            [
                0.0,
                1.0,
                0.0,
                0.0
            ],
            [
                -0.20791169081775934,
                0.0,
                0.9781476007338056,
                1.28
            ],
            [
                0.0,
                0.0,
                0.0,
                1.0
            ]
        ],
        "K": [
            [
                969.6969696969696,
                0.0,
                960.0
            ],
            [
                0.0,
                969.6969696969696,
                540.0
            ],
            [
                0.0,
                0.0,
                1.0
            ]
        ]
    },
    "21": {
        "extrinsic": [
            [
                0.9659258262890681,
                0.0,
                0.25881904510252074,
                0.0
            ],
            [
                0.0,
                1.0,
                0.0,
                0.0
            ],
            [
                -0.25881904510252074,
                0.0,
                0.9659258262890682,
                1.28
            ],
            [
                0.0,
                0.0,
                0.0,
                1.0
            ]
        ],
        "K": [
            [
                969.6969696969696,
                0.0,
                960.0
            ],
            [
                0.0,
                969.6969696969696,
                540.0
            ],
            [
                0.0,
                0.0,
                1.0
            ]
        ]
    },
    "22": {
        "extrinsic": [
            [
                0.9510565162951533,
                0.0,
                0.3090169943749474,
                0.0
            ],
            [
                0.0,
                1.0,
                0.0,
                0.0
            ],
            [
                -0.3090169943749474,
                0.0,
                0.9510565162951534,
                1.28
            ],
            [
                0.0,
                0.0,
                0.0,
                1.0
            ]
        ],
        "K": [
            [
                969.6969696969696,
                0.0,
                960.0
            ],
            [
                0.0,
                969.6969696969696,
                540.0
            ],
            [
                0.0,
                0.0,
                1.0
            ]
        ]
    },
    "23": {
        "extrinsic": [
            [
                0.9335804264972014,
                0.0,
                0.3583679495453002,
                0.0
            ],
            [
                0.0,
                1.0,
                0.0,
                0.0
            ],
            [
                -0.35836794954530027,
                0.0,
                0.9335804264972015,
                1.28
            ],
            [
                0.0,
                0.0,
                0.0,
                1.0
            ]
        ],
        "K": [
            [
                969.6969696969696,
                0.0,
                960.0
            ],
            [
                0.0,
                969.6969696969696,
                540.0
            ],
            [
                0.0,
                0.0,
                1.0
            ]
        ]
    },
    "24": {
        "extrinsic": [
            [
                0.9135454576426005,
                0.0,
                0.4067366430758001,
                0.0
            ],
            [
                0.0,
                1.0,
                0.0,
                0.0
            ],
            [
                -0.4067366430758002,
                0.0,
                0.9135454576426006,
                1.28
            ],
            [
                0.0,
                0.0,
                0.0,
                1.0
            ]
        ],
        "K": [
            [
                969.6969696969696,
                0.0,
                960.0
            ],
            [
                0.0,
                969.6969696969696,
                540.0
            ],
            [
                0.0,
                0.0,
                1.0
            ]
        ]
    },
    "25": {
        "extrinsic": [
            [
                0.8910065241883675,
                0.0,
                0.45399049973954664,
                0.0
            ],
            [
                0.0,
                1.0,
                0.0,
                0.0
            ],
            [
                -0.45399049973954675,
                0.0,
                0.8910065241883676,
                1.28
            ],
            [
                0.0,
                0.0,
                0.0,
                1.0
            ]
        ],
        "K": [
            [
                969.6969696969696,
                0.0,
                960.0
            ],
            [
                0.0,
                969.6969696969696,
                540.0
            ],
            [
                0.0,
                0.0,
                1.0
            ]
        ]
    },
    "26": {
        "extrinsic": [
            [
                0.8660254037844383,
                0.0,
                0.49999999999999983,
                0.0
            ],
            [
                0.0,
                1.0,
                0.0,
                0.0
            ],
            [
                -0.4999999999999999,
                0.0,
                0.8660254037844383,
                1.28
            ],
            [
                0.0,
                0.0,
                0.0,
                1.0
            ]
        ],
        "K": [
            [
                969.6969696969696,
                0.0,
                960.0
            ],
            [
                0.0,
                969.6969696969696,
                540.0
            ],
            [
                0.0,
                0.0,
                1.0
            ]
        ]
    },
    "27": {
        "extrinsic": [
            [
                0.8386705679454236,
                0.0,
                0.5446390350150269,
                0.0
            ],
            [
                0.0,
                1.0,
                0.0,
                0.0
            ],
            [
                -0.544639035015027,
                0.0,
                0.8386705679454236,
                1.28
            ],
            [
                0.0,
                0.0,
                0.0,
                1.0
            ]
        ],
        "K": [
            [
                969.6969696969696,
                0.0,
                960.0
            ],
            [
                0.0,
                969.6969696969696,
                540.0
            ],
            [
                0.0,
                0.0,
                1.0
            ]
        ]
    },
    "28": {
        "extrinsic": [
            [
                0.809016994374947,
                0.0,
                0.5877852522924729,
                0.0
            ],
            [
                0.0,
                1.0,
                0.0,
                0.0
            ],
            [
                -0.587785252292473,
                0.0,
                0.809016994374947,
                1.28
            ],
            [
                0.0,
                0.0,
                0.0,
                1.0
            ]
        ],
        "K": [
            [
                969.6969696969696,
                0.0,
                960.0
            ],
            [
                0.0,
                969.6969696969696,
                540.0
            ],
            [
                0.0,
                0.0,
                1.0
            ]
        ]
    },
    "29": {
        "extrinsic": [
            [
                0.7771459614569705,
                0.0,
                0.6293203910498372,
                0.0
            ],
            [
                0.0,
                1.0,
                0.0,
                0.0
            ],
            [
                -0.6293203910498373,
                0.0,
                0.7771459614569705,
                1.28
            ],
            [
                0.0,
                0.0,
                0.0,
                1.0
            ]
        ],
        "K": [
            [
                969.6969696969696,
                0.0,
                960.0
            ],
            [
                0.0,
                969.6969696969696,
                540.0
            ],
            [
                0.0,
                0.0,
                1.0
            ]
        ]
    },
    "30": {
        "extrinsic": [
            [
                0.7431448254773938,
                0.0,
                0.6691306063588579,
                0.0
            ],
            [
                0.0,
                1.0,
                0.0,
                0.0
            ],
            [
                -0.669130606358858,
                0.0,
                0.7431448254773938,
                1.28
            ],
            [
                0.0,
                0.0,
                0.0,
                1.0
            ]
        ],
        "K": [
            [
                969.6969696969696,
                0.0,
                960.0
            ],
            [
                0.0,
                969.6969696969696,
                540.0
            ],
            [
                0.0,
                0.0,
                1.0
            ]
        ]
    },
    "31": {
        "extrinsic": [
            [
                0.7071067811865471,
                0.0,
                0.7071067811865471,
                0.0
            ],
            [
                0.0,
                1.0,
                0.0,
                0.0
            ],
            [
                -0.7071067811865472,
                0.0,
                0.707106781186547,
                1.28
            ],
            [
                0.0,
                0.0,
                0.0,
                1.0
            ]
        ],
        "K": [
            [
                969.6969696969696,
                0.0,
                960.0
            ],
            [
                0.0,
                969.6969696969696,
                540.0
            ],
            [
                0.0,
                0.0,
                1.0
            ]
        ]
    },
    "32": {
        "extrinsic": [
            [
                0.6691306063588578,
                0.0,
                0.7431448254773938,
                0.0
            ],
            [
                0.0,
                1.0,
                0.0,
                0.0
            ],
            [
                -0.7431448254773939,
                0.0,
                0.6691306063588577,
                1.28
            ],
            [
                0.0,
                0.0,
                0.0,
                1.0
            ]
        ],
        "K": [
            [
                969.6969696969696,
                0.0,
                960.0
            ],
            [
                0.0,
                969.6969696969696,
                540.0
            ],
            [
                0.0,
                0.0,
                1.0
            ]
        ]
    },
    "33": {
        "extrinsic": [
            [
                0.707106781186547,
                0.0,
                0.7071067811865471,
                0.0
            ],
            [
                0.0,
                1.0,
                0.0,
                0.0
            ],
            [
                -0.7071067811865472,
                0.0,
                0.7071067811865469,
                1.28
            ],
            [
                0.0,
                0.0,
                0.0,
                1.0
            ]
        ],
        "K": [
            [
                969.6969696969696,
                0.0,
                960.0
            ],
            [
                0.0,
                969.6969696969696,
                540.0
            ],
            [
                0.0,
                0.0,
                1.0
            ]
        ]
    },
    "34": {
        "extrinsic": [
            [
                0.7431448254773937,
                0.0,
                0.6691306063588578,
                0.0
            ],
            [
                0.0,
                1.0,
                0.0,
                0.0
            ],
            [
                -0.6691306063588579,
                0.0,
                0.7431448254773936,
                1.28
            ],
            [
                0.0,
                0.0,
                0.0,
                1.0
            ]
        ],
        "K": [
            [
                969.6969696969696,
                0.0,
                960.0
            ],
            [
                0.0,
                969.6969696969696,
                540.0
            ],
            [
                0.0,
                0.0,
                1.0
            ]
        ]
    },
    "35": {
        "extrinsic": [
            [
                0.7771459614569702,
                0.0,
                0.6293203910498371,
                0.0
            ],
            [
                0.0,
                1.0,
                0.0,
                0.0
            ],
            [
                -0.6293203910498372,
                0.0,
                0.7771459614569702,
                1.28
            ],
            [
                0.0,
                0.0,
                0.0,
                1.0
            ]
        ],
        "K": [
            [
                969.6969696969696,
                0.0,
                960.0
            ],
            [
                0.0,
                969.6969696969696,
                540.0
            ],
            [
                0.0,
                0.0,
                1.0
            ]
        ]
    },
    "36": {
        "extrinsic": [
            [
                0.8090169943749468,
                0.0,
                0.5877852522924727,
                0.0
            ],
            [
                0.0,
                1.0,
                0.0,
                0.0
            ],
            [
                -0.5877852522924728,
                0.0,
                0.8090169943749468,
                1.28
            ],
            [
                0.0,
                0.0,
                0.0,
                1.0
            ]
        ],
        "K": [
            [
                969.6969696969696,
                0.0,
                960.0
            ],
            [
                0.0,
                969.6969696969696,
                540.0
            ],
            [
                0.0,
                0.0,
                1.0
            ]
        ]
    },
    "37": {
        "extrinsic": [
            [
                0.8386705679454234,
                0.0,
                0.5446390350150266,
                0.0
            ],
            [
                0.0,
                1.0,
                0.0,
                0.0
            ],
            [
                -0.5446390350150268,
                0.0,
                0.8386705679454234,
                1.28
            ],
            [
                0.0,
                0.0,
                0.0,
                1.0
            ]
        ],
        "K": [
            [
                969.6969696969696,
                0.0,
                960.0
            ],
            [
                0.0,
                969.6969696969696,
                540.0
            ],
            [
                0.0,
                0.0,
                1.0
            ]
        ]
    },
    "38": {
        "extrinsic": [
            [
                0.8660254037844379,
                0.0,
                0.49999999999999956,
                0.0
            ],
            [
                0.0,
                1.0,
                0.0,
                0.0
            ],
            [
                -0.4999999999999997,
                0.0,
                0.8660254037844379,
                1.28
            ],
            [
                0.0,
                0.0,
                0.0,
                1.0
            ]
        ],
        "K": [
            [
                969.6969696969696,
                0.0,
                960.0
            ],
            [
                0.0,
                969.6969696969696,
                540.0
            ],
            [
                0.0,
                0.0,
                1.0
            ]
        ]
    },
    "39": {
        "extrinsic": [
            [
                0.891006524188367,
                0.0,
                0.45399049973954636,
                0.0
            ],
            [
                0.0,
                1.0,
                0.0,
                0.0
            ],
            [
                -0.4539904997395465,
                0.0,
                0.8910065241883671,
                1.28
            ],
            [
                0.0,
                0.0,
                0.0,
                1.0
            ]
        ],
        "K": [
            [
                969.6969696969696,
                0.0,
                960.0
            ],
            [
                0.0,
                969.6969696969696,
                540.0
            ],
            [
                0.0,
                0.0,
                1.0
            ]
        ]
    },
    "40": {
        "extrinsic": [
            [
                0.9135454576426,
                0.0,
                0.4067366430757998,
                0.0
            ],
            [
                0.0,
                1.0,
                0.0,
                0.0
            ],
            [
                -0.40673664307579993,
                0.0,
                0.9135454576426001,
                1.28
            ],
            [
                0.0,
                0.0,
                0.0,
                1.0
            ]
        ],
        "K": [
            [
                969.6969696969696,
                0.0,
                960.0
            ],
            [
                0.0,
                969.6969696969696,
                540.0
            ],
            [
                0.0,
                0.0,
                1.0
            ]
        ]
    },
    "41": {
        "extrinsic": [
            [
                0.9335804264972007,
                0.0,
                0.35836794954529994,
                0.0
            ],
            [
                0.0,
                1.0,
                0.0,
                0.0
            ],
            [
                -0.3583679495453,
                0.0,
                0.9335804264972009,
                1.28
            ],
            [
                0.0,
                0.0,
                0.0,
                1.0
            ]
        ],
        "K": [
            [
                969.6969696969696,
                0.0,
                960.0
            ],
            [
                0.0,
                969.6969696969696,
                540.0
            ],
            [
                0.0,
                0.0,
                1.0
            ]
        ]
    },
    "42": {
        "extrinsic": [
            [
                0.9510565162951525,
                0.0,
                0.3090169943749471,
                0.0
            ],
            [
                0.0,
                1.0,
                0.0,
                0.0
            ],
            [
                -0.3090169943749472,
                0.0,
                0.9510565162951526,
                1.28
            ],
            [
                0.0,
                0.0,
                0.0,
                1.0
            ]
        ],
        "K": [
            [
                969.6969696969696,
                0.0,
                960.0
            ],
            [
                0.0,
                969.6969696969696,
                540.0
            ],
            [
                0.0,
                0.0,
                1.0
            ]
        ]
    },
    "43": {
        "extrinsic": [
            [
                0.9659258262890672,
                0.0,
                0.2588190451025205,
                0.0
            ],
            [
                0.0,
                1.0,
                0.0,
                0.0
            ],
            [
                -0.2588190451025206,
                0.0,
                0.9659258262890673,
                1.28
            ],
            [
                0.0,
                0.0,
                0.0,
                1.0
            ]
        ],
        "K": [
            [
                969.6969696969696,
                0.0,
                960.0
            ],
            [
                0.0,
                969.6969696969696,
                540.0
            ],
            [
                0.0,
                0.0,
                1.0
            ]
        ]
    },
    "44": {
        "extrinsic": [
            [
                0.9781476007338045,
                0.0,
                0.20791169081775912,
                0.0
            ],
            [
                0.0,
                1.0,
                0.0,
                0.0
            ],
            [
                -0.2079116908177592,
                0.0,
                0.9781476007338046,
                1.28
            ],
            [
                0.0,
                0.0,
                0.0,
                1.0
            ]
        ],
        "K": [
            [
                969.6969696969696,
                0.0,
                960.0
            ],
            [
                0.0,
                969.6969696969696,
                540.0
            ],
            [
                0.0,
                0.0,
                1.0
            ]
        ]
    },
    "45": {
        "extrinsic": [
            [
                0.9876883405951364,
                0.0,
                0.1564344650402307,
                0.0
            ],
            [
                0.0,
                1.0,
                0.0,
                0.0
            ],
            [
                -0.15643446504023079,
                0.0,
                0.9876883405951367,
                1.28
            ],
            [
                0.0,
                0.0,
                0.0,
                1.0
            ]
        ],
        "K": [
            [
                969.6969696969696,
                0.0,
                960.0
            ],
            [
                0.0,
                969.6969696969696,
                540.0
            ],
            [
                0.0,
                0.0,
                1.0
